0.037577087583246696
0.02864043950131074
0.02864043950131074
0.028333252159529292
0.02806146991239606
0.02806146991239606
0.02806146991239606
0.02806146991239606
0.02806146991239606
0.02806146991239606
0.02806146991239606
0.02806146991239606
0.02806146991239606
0.02806146991239606
0.02806146991239606
0.02806146991239606
0.02806146991239606
0.02806146991239606
0.02806146991239606
0.02806146991239606
0.02806146991239606
0.39381528755704975
0.3902864879549774
0.3902864879549774
0.3902864879549774
0.3902864879549774
0.3902864879549774
0.3902864879549774
0.3902864879549774
0.3902864879549774
0.3902864879549774
0.3902864879549774
0.3902864879549774
0.3902864879549774
0.3902864879549774
0.3902864879549774
0.3902864879549774
0.3902864879549774
0.3902864879549774
0.3902864879549774
0.3902864879549774
0.3902864879549774
0.05695985125249053
0.04775934183100569
0.0368188562805015
0.0368188562805015
0.0368188562805015
0.0368188562805015
0.0368188562805015
0.0368188562805015
0.0368188562805015
0.0368188562805015
0.0368188562805015
0.0368188562805015
0.0368188562805015
0.0368188562805015
0.0368188562805015
0.0368188562805015
0.0368188562805015
0.0368188562805015
0.0368188562805015
0.0368188562805015
0.0368188562805015
0.0368188562805015
0.0686826727845155
0.060148808820901976
0.060148808820901976
0.060148808820901976
0.05961792637494825
0.05915718290933273
0.05911780117534146
0.05911780117534146
0.05911780117534146
0.05911629591557133
0.05911629591557133
0.06913156543736061
0.06614314592569685
0.06605219878128904
0.06591597570761568
0.06591597570761568
0.06508447567406447
0.06485827282544843
0.06134947041360117
0.06076485778280911
0.059169047097807556
0.059169047097807556
0.059169047097807556
0.059169047097807556
0.059156337355099085
0.059156337355099085
0.059156337355099085
0.059156337355099085
0.05912435247641738
0.05907776152856161
0.05907776152856161
0.05907172891561121
0.05904929064025854
0.05904929064025854
0.05904929064025854
0.05904929064025854
0.05904929064025854
0.05904640583659656
0.05904640583659656
0.05904464674230461
