0.8542449474334717
0.9576570987701416
0.9053821563720703
0.9141099452972412
0.8523550033569336
0.8745441436767578
0.8922748565673828
0.9059500694274902
0.893406867980957
0.8705692291259766
0.8090569972991943
0.7836630344390869
0.8226401805877686
0.8253490924835205
0.8586838245391846
0.8313419818878174
0.8638248443603516
0.8824388980865479
0.8188717365264893
0.8753790855407715
0.8358337879180908
0.8677420616149902
0.8923420906066895
0.7903101444244385
0.7959179878234863
0.8123471736907959
0.8245930671691895
0.8329451084136963
0.8024818897247314
0.794011116027832
0.78084397315979
0.8200428485870361
0.8630578517913818
0.8263740539550781
0.7776250839233398
0.7715659141540527
0.7890520095825195
0.7780930995941162
0.8190679550170898
0.7971787452697754
0.8066661357879639
0.8708491325378418
1.0642261505126953
1.0048069953918457
0.8951239585876465
0.8562610149383545
0.7174961566925049
0.7746591567993164
0.6114909648895264
0.6095139980316162
0.5981543064117432
0.6047167778015137
0.5633151531219482
0.5087649822235107
0.46375393867492676
0.47858190536499023
0.4609227180480957
0.4616398811340332
0.5169310569763184
0.5845959186553955
0.48078203201293945
0.4024672508239746
0.4430880546569824
0.4150679111480713
1.8360707759857178
1.8860232830047607
2.1943440437316895
1.7995169162750244
1.9418201446533203
1.7746479511260986
1.8333427906036377
1.8531169891357422
1.6338281631469727
2.215264081954956
2.0347342491149902
1.6519417762756348
1.6773817539215088
1.6356239318847656
1.5108938217163086
1.5027477741241455
1.4508512020111084
1.4711558818817139
1.4604947566986084
1.4548561573028564
1.4676051139831543
1.4652760028839111
1.4407100677490234
1.4366531372070312
1.4021902084350586
1.417496681213379
1.4109909534454346
1.4754698276519775
1.4345481395721436
1.4176907539367676
1.4201951026916504
1.4582221508026123
1.438762903213501
1.4698460102081299
1.377932071685791
1.3924250602722168
1.4056408405303955
1.3803319931030273
1.407728910446167
1.422842025756836
