0.05938570444044021	0.6135624882518851
0.01	0.7418785490853701
0.01	0.7418785490853701
0.01	0.8694154759326866
0.01	1.0
0.01	1.0
0.01	1.0
0.01	1.0
0.01	1.0
0.01	1.0
0.01	1.0
0.01	1.0
0.01	1.0
0.01	1.0
0.01	1.0
0.01	1.0
0.01	1.0
0.01	1.0
0.01	1.0
0.01	1.0
0.01	1.0
0.8787740576124866	0.9632387959883827
1.0	1.0
1.0	1.0
1.0	1.0
1.0	1.0
1.0	1.0
1.0	1.0
1.0	1.0
1.0	1.0
1.0	1.0
1.0	1.0
1.0	1.0
1.0	1.0
1.0	1.0
1.0	1.0
1.0	1.0
1.0	1.0
1.0	1.0
1.0	1.0
1.0	1.0
1.0	1.0
0.8524014393560387	0.43770103584318193	0.9136282521011333	0.9247298218880105
0.4835575569356688	1.0	0.828002686636405	1.0
1.0	1.0	1.0	1.0
1.0	1.0	1.0	1.0
1.0	1.0	1.0	1.0
1.0	1.0	1.0	1.0
1.0	1.0	1.0	1.0
1.0	1.0	1.0	1.0
1.0	1.0	1.0	1.0
1.0	1.0	1.0	1.0
1.0	1.0	1.0	1.0
1.0	1.0	1.0	1.0
1.0	1.0	1.0	1.0
1.0	1.0	1.0	1.0
1.0	1.0	0.9533943954608745	0.8098867459378427
1.0	1.0	0.9533943954608745	0.8098867459378427
1.0	1.0	0.9533943954608745	0.8098867459378427
1.0	1.0	0.9533943954608745	0.8098867459378427
1.0	1.0	0.9533943954608745	0.8098867459378427
1.0	1.0	0.9533943954608745	0.8098867459378427
1.0	1.0	0.9533943954608745	0.8098867459378427
1.0	1.0	0.9533943954608745	0.8098867459378427
0.40206602525489943	0.017711684693526523	0.10276357193622589	0.034401890620147674	0.8052624000499791
0.5960099712158904	0.01	0.01	0.01	0.01
0.5960099712158904	0.01	0.01	0.01	0.01
0.5960099712158904	0.01	0.01	0.01	0.01
0.9137757470234986	0.09738333132718652	0.01	0.05455644215790101	0.01
1.0	0.01	0.01	0.06922246080617468	0.01
0.8540184442257326	0.01	0.01	0.04959331935402014	0.01
0.8540184442257326	0.01	0.01	0.04959331935402014	0.01
0.8540184442257326	0.01	0.01	0.04959331935402014	0.01
0.7170756522170709	0.01	0.01	0.056355623258164164	0.010775046230981349
0.7170756522170709	0.01	0.01	0.056355623258164164	0.010775046230981349
0.6435503775888786	0.1808279426101026	0.057988989436887316	0.011738476266821736	0.8263721299757679
0.14303135052866572	0.027272573136875672	0.01	0.01	0.9463739340761166
0.2370327014100833	0.03991362186292501	0.01	0.01	0.8731969382683625
0.3422439126125189	0.020027585656145614	0.01	0.01	0.8667841249337084
0.3422439126125189	0.020027585656145614	0.01	0.01	0.8667841249337084
0.19762404041389528	0.0203826662628372	0.01	0.01	0.5298067655068195
0.3471960936942179	0.055701539248799975	0.01	0.01	0.4202871992427617
0.19119185121312657	0.01	0.030231469772676156	0.01	0.01
0.01	0.01	0.015713427220985905	0.01	0.01
0.18881724628190627	0.01	0.01	0.07923105102422823	0.01
0.18881724628190627	0.01	0.01	0.07923105102422823	0.01
0.18881724628190627	0.01	0.01	0.07923105102422823	0.01
0.18881724628190627	0.01	0.01	0.07923105102422823	0.01
0.17658765554195657	0.010498813653834621	0.010095504508137225	0.07592730247753494	0.01
0.17658765554195657	0.010498813653834621	0.010095504508137225	0.07592730247753494	0.01
0.17658765554195657	0.010498813653834621	0.010095504508137225	0.07592730247753494	0.01
0.17658765554195657	0.010498813653834621	0.010095504508137225	0.07592730247753494	0.01
0.24593318842250841	0.010417350221274725	0.010486205154754994	0.04638190944260257	0.01
0.4874411105933831	0.01	0.01	0.06776333291539774	0.01
0.4874411105933831	0.01	0.01	0.06776333291539774	0.01
0.2648853994685871	0.011253209627352085	0.01	0.04971330993557113	0.01
0.31129309815947015	0.01045495468267887	0.01	0.05978260084992007	0.01
0.31129309815947015	0.01045495468267887	0.01	0.05978260084992007	0.01
0.31129309815947015	0.01045495468267887	0.01	0.05978260084992007	0.01
0.31129309815947015	0.01045495468267887	0.01	0.05978260084992007	0.01
0.31129309815947015	0.01045495468267887	0.01	0.05978260084992007	0.01
0.4031094185970886	0.01	0.01	0.058950018295225545	0.01
0.4031094185970886	0.01	0.01	0.058950018295225545	0.01
0.3406494781405289	0.01	0.01	0.05826342991196442	0.01
